[gd_scene load_steps=3 format=3 uid="uid://digrug7hfrugd"]

[ext_resource type="PackedScene" uid="uid://bwhn84gvyppax" path="res://player.tscn" id="1_0xm2m"]
[ext_resource type="PackedScene" uid="uid://bgimnitvleo3t" path="res://conveyor_belt.tscn" id="2_h2yge"]

[node name="Main" type="Node3D"]

[node name="DirectionalLight3D" type="DirectionalLight3D" parent="."]
transform = Transform3D(0.792471, -0.521265, 0.31666, 0, 0.519191, 0.854658, -0.60991, -0.677292, 0.411444, 0.279694, 2.94438, 0.759539)
shadow_enabled = true
directional_shadow_split_1 = 0.01
directional_shadow_split_2 = 0.02
directional_shadow_split_3 = 0.05

[node name="Player" parent="." instance=ExtResource("1_0xm2m")]
transform = Transform3D(1, 0, 0, 0, 1, 0, 0, 0, 1, -0.122823, 0.326144, 0.95697)

[node name="Conveyor Belt" parent="." instance=ExtResource("2_h2yge")]
transform = Transform3D(0.00685909, 0, 0.999976, 0, 1, 0, -0.999976, 0, 0.00685909, -0.026132, 0, 0.837123)

[node name="Conveyor Belt2" parent="." instance=ExtResource("2_h2yge")]
transform = Transform3D(-0.0528761, 0, 0.998601, 0, 1, 0, -0.998601, 0, -0.0528761, -0.0258934, -3.57628e-07, -0.100947)

[node name="Conveyor Belt3" parent="." instance=ExtResource("2_h2yge")]
transform = Transform3D(0.999351, 0, 0.0360159, 0, 1, 0, -0.0360159, 0, 0.999351, -0.0180759, -1.19209e-07, -1.08514)
