[gd_scene load_steps=10 format=3 uid="uid://dn1w3kjeiteqw"]

[ext_resource type="Material" uid="uid://e0hpvqmgd71a" path="res://laattaa.tres" id="1_7vgy4"]
[ext_resource type="Script" uid="uid://brrap058lklkl" path="res://levels/box_with_collider.gd" id="1_66kue"]
[ext_resource type="PackedScene" uid="uid://bq021sl7dv7fo" path="res://3D_Assets/kasvattamo.fbx" id="2_5ct1o"]
[ext_resource type="PackedScene" uid="uid://ctfkmostf8id" path="res://icebox/icebox.tscn" id="3_66kue"]
[ext_resource type="PackedScene" uid="uid://lj4qwd416d0k" path="res://conveyor/conveyor.tscn" id="5_hu3u3"]
[ext_resource type="PackedScene" uid="uid://bwhn84gvyppax" path="res://player.tscn" id="6_hu3u3"]

[sub_resource type="BoxMesh" id="BoxMesh_q84n0"]
material = ExtResource("1_7vgy4")
size = Vector3(10, 1, 10)
subdivide_width = 2
subdivide_depth = 4

[sub_resource type="BoxShape3D" id="BoxShape3D_q84n0"]
size = Vector3(10, 1, 10)

[sub_resource type="Environment" id="Environment_hu3u3"]
ambient_light_color = Color(0.390369, 0.390369, 0.390369, 1)

[node name="Kasvattamo" type="Node3D"]

[node name="Lattia" type="StaticBody3D" parent="."]
transform = Transform3D(1, 0, 0, 0, 1, 0, 0, 0, 1, 1, -0.5, -1)
script = ExtResource("1_66kue")
width = 10.0
depth = 10.0

[node name="Mesh" type="MeshInstance3D" parent="Lattia"]
mesh = SubResource("BoxMesh_q84n0")

[node name="CollisionShape3D" type="CollisionShape3D" parent="Lattia"]
shape = SubResource("BoxShape3D_q84n0")

[node name="kasvattamo" parent="." instance=ExtResource("2_5ct1o")]
transform = Transform3D(0.368854, 0, -0.929487, 0, 1, 0, 0.929487, 0, 0.368854, 0.491984, 0.0077011, -2.59466)

[node name="Icebox" parent="." instance=ExtResource("3_66kue")]
transform = Transform3D(-0.00889638, 0, 0.0996035, 0, 0.1, 0, -0.0996035, 0, -0.00889638, 0.983092, 0.0671126, -1.53909)

[node name="Spawnpoint" type="Marker3D" parent="Icebox" groups=["Spawnpoint"]]
transform = Transform3D(1, 0, -2.98023e-08, 0, 1, 0, 2.98023e-08, 0, 1, 0, 4.68852, 0)

[node name="Conveyor" parent="." instance=ExtResource("5_hu3u3")]
transform = Transform3D(-0.993322, -0.115371, 8.59658e-08, -0.115371, 0.993322, -1.5894e-08, -8.35581e-08, -2.57058e-08, -1, 3.15294, 0.249637, -1.73361)
conveyorSize = 2
conveyorSpeed = 0.1

[node name="Player" parent="." instance=ExtResource("6_hu3u3")]
transform = Transform3D(1, 0, 0, 0, 1, 0, 0, 0, 1, 0.36363, 0.36408, -1.33111)

[node name="DirectionalLight3D" type="DirectionalLight3D" parent="."]
transform = Transform3D(0.792471, -0.521265, 0.31666, 0, 0.519191, 0.854658, -0.60991, -0.677292, 0.411444, 0.402517, 2.94438, 0.748134)
shadow_enabled = true
directional_shadow_split_1 = 0.01
directional_shadow_split_2 = 0.02
directional_shadow_split_3 = 0.05

[node name="WorldEnvironment" type="WorldEnvironment" parent="."]
environment = SubResource("Environment_hu3u3")
